subpopulations_auto <- c("Monocytes", "CD14-Lineage-", "CD14+Lineage-", "CD14+CD16+",
                         "CD16+CD56+", "CD16+CD56-", "CD16-CD56+", "CD16-CD56-", "HLADR+",
                         "CD11c+CD123+", "CD11c+CD123-", "CD11c-CD123+", "CD11c-CD123-")
subpopulations_manual <- c("MNC", "Lin- 14-", "Lin- 14+", "14+ 16+",
                           "16+ 56+", "16+ 56-", "16- 56+", "16- 56-", "DR+",
                           "11c+ 123+", "11c+ 123-", "11c- 123+", "11c- 123-")
subpopulations_common <- c("Monocytes", "Lin-CD14-", "Lin-CD14+", "CD14+CD16+",
                           "CD16+CD56+", "CD16+CD56-", "CD16-CD56+", "CD16-CD56-", "HLADR+",
                           "CD11c+CD123+", "CD11c+CD123-", "CD11c-CD123+", "CD11c-CD123-")
